,Frequency,Timestamp,Boundary,Location_change,Visual_cue,Responses
0,261.6255653005986,0.283,0,0,0,0.0
1,293.66476791740763,0.517,0,0,0,0.0
2,329.62755691286986,0.772,0,0,0,0.0
3,349.22823143300394,1.017,0,0,0,0.0
4,293.66476791740763,1.267,0,0,0,0.0
5,329.62755691286986,1.519,0,0,0,0.0
6,261.6255653005986,1.784,0,1,1,0.0
7,391.9954359817492,2.03,0,0,0,0.0
8,523.2511306011972,2.532,0,0,0,0.0
9,493.8833012561242,3.032,0,0,0,0.0
10,523.2511306011972,3.534,0,0,0,0.0
11,587.3295358348153,4.02,0,0,0,0.0
12,391.9954359817492,4.283,0,0,0,0.0
13,440.0,4.506,0,0,0,0.0
14,493.8833012561242,4.767,0,0,0,0.0
15,523.2511306011972,5.008,0,0,0,0.0
16,440.0,5.283,0,0,0,0.0
17,493.8833012561242,5.509,0,0,0,0.0
18,391.9954359817492,5.767,1,0,0,0.0
19,587.3295358348153,6.027,0,0,0,0.0
20,783.9908719634984,6.528,0,0,0,0.0
21,391.9954359817492,7.061,0,0,0,0.0
22,783.9908719634984,8.267,0,0,0,0.0
23,391.9954359817492,8.519,0,0,0,0.0
24,783.9908719634984,8.767,0,0,0,0.0
25,783.9908719634984,9.02,0,0,0,0.0
26,880.0,9.267,0,0,0,0.0
27,783.9908719634984,9.5,0,0,0,0.0
28,880.0,9.767,0,0,0,0.0
29,698.4564628660079,10.002,0,0,0,0.0
30,698.4564628660079,10.267,0,0,0,0.0
31,349.22823143300394,10.519,0,0,0,0.0
32,698.4564628660079,10.767,0,0,0,0.0
33,698.4564628660079,11.005,0,0,0,0.0
34,783.9908719634984,11.267,0,0,0,0.0
35,698.4564628660079,11.544,1,0,1,0.0
36,783.9908719634984,11.767,0,0,0,0.0
37,659.2551138257397,12.029,0,0,0,0.0
38,391.9954359817492,12.266,0,0,0,0.0
39,523.2511306011972,12.508,0,0,0,0.0
40,587.3295358348153,12.767,0,0,0,0.0
41,659.2551138257397,13.01,0,0,0,0.0
42,391.9954359817492,13.267,0,0,0,0.0
43,523.2511306011972,13.527,0,0,0,0.0
44,587.3295358348153,13.767,0,0,0,0.0
45,659.2551138257397,14.014,0,0,1,0.0
46,698.4564628660079,14.135,0,0,0,0.0
47,587.3295358348153,14.267,0,0,0,0.0
48,659.2551138257397,14.382,0,0,0,0.0
49,523.2511306011972,14.536,0,0,0,0.0
50,391.9954359817492,15.037,0,0,0,0.0
51,523.2511306011972,15.533,0,0,0,0.0
52,391.9954359817492,16.267,0,0,0,0.0
53,440.0,16.533,0,0,0,0.0
54,493.8833012561242,16.75,1,0,0,0.0
55,523.2511306011972,17.007,0,0,0,0.0
56,587.3295358348153,17.25,0,0,0,0.0
57,659.2551138257397,17.517,0,0,0,0.0
58,698.4564628660079,17.763,0,0,0,0.0
59,783.9908719634984,18.011,0,0,0,0.0
60,698.4564628660079,18.267,0,0,0,0.0
61,783.9908719634984,18.512,0,0,0,0.0
62,880.0,18.767,0,1,0,0.0
63,587.3295358348153,19.014,0,0,0,0.0
64,880.0,19.267,0,0,0,0.0
65,783.9908719634984,19.517,0,0,0,0.0
66,698.4564628660079,19.769,0,0,0,0.0
67,659.2551138257397,20.001,0,0,0,0.0
68,261.6255653005986,20.283,0,0,0,0.0
69,293.66476791740763,20.533,0,0,0,0.0
70,329.62755691286986,20.757,0,0,0,0.0
71,349.22823143300394,21.005,0,0,0,0.0
72,391.9954359817492,21.284,0,0,0,0.0
73,440.0,21.522,0,0,0,0.0
74,493.8833012561242,21.783,0,0,0,0.0
75,523.2511306011972,22.009,1,1,1,0.0
76,493.8833012561242,22.283,0,0,0,0.0
77,523.2511306011972,22.526,0,0,0,0.0
78,659.2551138257397,23.012,0,0,0,0.0
79,587.3295358348153,23.267,0,0,0,0.0
80,523.2511306011972,23.544,0,0,1,0.0
81,391.9954359817492,24.517,0,0,0,0.0
82,329.62755691286986,24.783,0,0,0,0.0
83,440.0,25.033,0,0,0,0.0
84,391.9954359817492,25.52,0,0,0,0.0
85,349.22823143300394,26.021,0,0,0,0.0
86,329.62755691286986,26.523,0,0,0,0.0
87,293.66476791740763,26.783,0,1,1,0.0
88,391.9954359817492,27.04,0,0,0,0.0
89,440.0,27.279,0,0,0,0.0
90,349.22823143300394,27.526,0,0,0,0.0
91,391.9954359817492,27.78,1,1,1,0.0
92,329.62755691286986,28.028,0,0,0,0.0
93,349.22823143300394,28.284,0,0,0,0.0
94,391.9954359817492,28.528,0,0,0,0.0
95,391.9954359817492,29.03,0,0,0,0.0
96,349.22823143300394,29.533,0,0,0,0.0
97,329.62755691286986,30.016,0,0,0,0.0
98,349.22823143300394,30.282,0,0,0,0.0
99,391.9954359817492,30.533,0,0,0,0.0
100,440.0,30.75,0,0,0,0.0
101,293.66476791740763,31.035,0,0,0,0.0
102,261.6255653005986,31.536,0,0,0,0.0
103,523.2511306011972,32.023,0,0,0,0.0
104,493.8833012561242,32.5,0,0,0,0.0
105,523.2511306011972,32.782,0,0,0,0.0
106,587.3295358348153,33.027,0,0,0,0.0
107,523.2511306011972,33.513,0,0,0,0.0
108,493.8833012561242,33.767,0,0,0,0.0
109,523.2511306011972,34.062,0,0,0,0.0
110,523.2511306011972,35.018,0,0,0,0.0
111,587.3295358348153,35.282,1,1,0,0.0
112,493.8833012561242,35.517,0,0,0,0.0
113,523.2511306011972,35.767,0,0,0,0.0
114,587.3295358348153,36.033,0,1,1,0.0
115,391.9954359817492,36.268,0,0,0,0.0
116,659.2551138257397,36.516,0,0,0,0.0
117,391.9954359817492,36.769,0,0,0,0.0
118,698.4564628660079,37.018,0,0,0,0.0
119,391.9954359817492,37.269,0,0,0,0.0
120,783.9908719634984,37.525,0,0,0,0.0
121,659.2551138257397,38.018,0,0,0,0.0
122,587.3295358348153,38.27,0,0,0,0.0
123,523.2511306011972,38.52,0,0,0,0.0
124,587.3295358348153,38.771,0,0,0,0.0
125,493.8833012561242,39.034,0,0,0,0.0
126,523.2511306011972,39.554,1,1,0,0.0
127,391.9954359817492,40.546,0,1,1,0.0
128,329.62755691286986,41.042,0,0,0,0.0
129,440.0,41.544,0,0,0,0.0
130,293.66476791740763,42.046,0,0,0,0.0
131,329.62755691286986,42.52,0,0,0,0.0
132,349.22823143300394,42.772,0,1,1,0.0
133,391.9954359817492,43.032,0,0,0,0.0
134,195.99771799087463,43.546,0,1,0,0.0
135,261.6255653005986,44.042,0,0,0,0.0
